35 64 81 80 00 01 00 06 00 00 00 00 05 67 72 61 
70 68 09 6D 69 63 72 6F 73 6F 66 74 03 63 6F 6D 
00 00 01 00 01 C0 0C 00 05 00 01 00 00 03 4D 00 
1D 03 61 67 73 0B 70 72 69 76 61 74 65 6C 69 6E 
6B 0A 6D 73 69 64 65 6E 74 69 74 79 C0 1C C0 31 
00 05 00 01 00 00 01 1C 00 1B 03 77 77 77 02 74 
6D 03 70 72 64 03 61 67 73 06 61 6B 61 64 6E 73 
03 6E 65 74 00 C0 5A 00 01 00 01 00 00 00 3C 00 
04 28 7E 29 A0 C0 5A 00 01 00 01 00 00 00 3C 00 
04 28 7E 29 60 C0 5A 00 01 00 01 00 00 00 3C 00 
04 14 BE A9 18 C0 5A 00 01 00 01 00 00 00 3C 00 
04 14 BE A9 19 