3C 01 81 80 00 01 00 08 00 00 00 00 05 63 74 6C 
64 6C 0D 77 69 6E 64 6F 77 73 75 70 64 61 74 65 
03 63 6F 6D 00 00 01 00 01 C0 0C 00 05 00 01 00 
00 03 39 00 1F 0A 61 75 2D 62 67 2D 73 68 69 6D 
0E 74 72 61 66 66 69 63 6D 61 6E 61 67 65 72 03 
6E 65 74 00 C0 35 00 05 00 01 00 00 00 2F 00 21 
0A 61 75 64 6F 77 6E 6C 6F 61 64 0D 77 69 6E 64 
6F 77 73 75 70 64 61 74 65 05 6E 73 61 74 63 C0 
4F C0 60 00 05 00 01 00 00 00 EA 00 0F 02 77 75 
09 61 7A 75 72 65 65 64 67 65 C0 4F C0 8D 00 05 
00 01 00 00 03 39 00 08 02 77 75 02 65 63 C0 90 
C0 A8 00 05 00 01 00 00 00 EA 00 1F 02 77 75 03 
77 70 63 09 61 70 72 2D 35 32 64 64 32 0B 65 64 
67 65 63 61 73 74 64 6E 73 C0 4F C0 BC 00 05 00 
01 00 00 00 EA 00 12 03 68 6C 62 0B 61 70 72 2D 
35 32 64 64 32 2D 30 C0 CD C0 E7 00 05 00 01 00 
00 00 EA 00 11 04 63 73 31 31 03 77 70 63 05 76 
30 63 64 6E C0 4F C1 05 00 01 00 01 00 00 03 39 
00 04 5D B8 DD F0 
